ExerciseID       Exercise 1.1  Exercise 1.2  Exercise 1.3
MappedStudentID                                          
111162                    2.0           2.0           2.0
114327                    2.0           2.0           2.0
128334                    2.0           2.0           2.0
137869                    2.0           2.0           2.0
212006                    2.0           2.0           2.0
250040                    2.0           2.0           2.0
252036                    2.0           2.0           2.0
256176                    2.0           2.0           2.0
283923                    2.0           2.0           2.0
286157                    2.0           2.0           2.0
332590                    2.0           2.0           2.0
336989                    2.0           2.0           2.0
373592                    2.0           2.0           2.0
466556                    2.0           2.0           2.0
510649                    2.0           2.0           2.0
542695                    2.0           2.0           2.0
581447                    0.0           0.0           0.0
597323                    2.0           2.0           2.0
613642                    2.0           2.0           2.0
639868                    2.0           2.0           2.0
658612                    2.0           2.0           2.0
710882                    2.0           2.0           2.0
715597                    2.0           2.0           2.0
743403                    2.0           2.0           2.0
748999                    2.0           2.0           2.0
750402                    2.0           2.0           2.0
777520                    2.0           0.0           2.0
781998                    2.0           2.0           2.0
830647                    2.0           2.0           2.0
908171                    2.0           2.0           2.0
995478                    2.0           2.0           2.0
